% This is a graph.

n 20 300 0
n 200 300 1
n 200 200 2
n 200 400 3
n 380 300 4
n 380 200 5
n 380 400 6
n 380 100 7
n 380 500 8
n 560 300 9
n 560 200 10
n 560 400 11
n 560 100 12

e 2 0 0 2
e 2 5 1 0
e 5 10 2 0
e 5 2 3 2
e 5 7 4 0
e 7 10 5 1
e 7 5 6 1
e 7 12 7 1
e 4 1 8 2
e 4 10 9 0
e 0 3 10 0
e 0 2 11 0
e 0 1 12 1
e 1 5 13 2
e 1 4 14 0
e 1 0 15 3
e 1 6 16 1
e 6 9 17 0
e 6 1 18 1
e 6 3 19 1
e 3 0 20 2
e 3 6 21 1
e 3 8 22 1
e 8 3 23 1
e 8 11 24 1
e 11 8 25 1
e 11 9 26 1
e 9 6 27 2
e 9 11 28 1
e 9 10 29 1
e 10 5 30 1
e 10 4 31 2
e 10 9 32 3
e 10 12 33 0
e 12 7 34 1
e 12 10 35 6

% End of graph
